20 120
3 1 87
1 3 87
3 2 81
2 3 81
13 4 81
4 13 81
17 5 86
5 17 86
9 6 88
6 9 88
1 7 87
7 1 87
1 8 80
8 1 80
7 9 94
9 7 94
11 10 93
10 11 93
1 11 79
11 1 79
1 12 87
12 1 87
11 13 85
13 11 85
8 14 92
14 8 92
6 15 82
15 6 82
11 16 83
16 11 83
3 17 85
17 3 85
15 18 90
18 15 90
7 19 85
19 7 85
1 20 81
20 1 81
11 15 92
15 11 92
14 2 82
2 14 82
10 8 91
8 10 91
4 19 94
19 4 94
4 7 78
7 4 78
12 19 81
19 12 81
15 2 94
2 15 94
16 3 90
3 16 90
15 7 91
7 15 91
9 18 79
18 9 79
13 12 80
12 13 80
16 17 89
17 16 89
11 3 91
3 11 91
10 17 89
17 10 89
15 3 85
3 15 85
4 10 91
10 4 91
4 16 81
16 4 81
13 10 87
10 13 87
16 9 82
9 16 82
14 9 91
9 14 91
11 8 89
8 11 89
5 20 84
20 5 84
18 2 92
2 18 92
5 15 84
15 5 84
19 13 78
13 19 78
15 17 85
17 15 85
15 8 91
8 15 91
17 19 82
19 17 82
19 8 86
8 19 86
14 13 85
13 14 85
20 19 89
19 20 89
19 10 78
10 19 78
4 8 88
8 4 88
9 5 94
5 9 94
10 20 80
20 10 80
9 15 80
15 9 80
17 1 89
1 17 89
9 10 80
10 9 80
17 12 81
12 17 81
12 11 87
11 12 87
15 19 93
19 15 93